"branchname","total_revenue","running_total_revenue"
"Broadway",6000,6000
"Elm Street",2000,8000
"Maple Street",5000,13000
"Market Street",7000,20000
"Oak Street",3000,23000
"Park Avenue",9000,32000
"Pine Street",4000,36000
"State Street",8000,44000
"University Avenue",10000,54000
